{
 "cells": [
  {
   "cell_type": "markdown",
   "metadata": {
    "colab_type": "text",
    "id": "v5Fj-ahf25os"
   },
   "source": [
    "# Домашнее задание №1\n",
    "## Классификация. Логистическая регрессия, kNN и SVM."
   ]
  },
  {
   "cell_type": "markdown",
   "metadata": {
    "colab_type": "text",
    "id": "I6Hq7E5o25ou"
   },
   "source": [
    "\n",
    "<span style=\"color: red; font-size: 14pt\">  Дедлайн: 24.03.2019 - 23:59 </span>  \n",
    "\n",
    "На основе [hw1 ml at mipt](https://github.com/ml-mipt/ml-mipt/blob/master/Homeworks/HW_1_Linclass_kNN/HW1_kNN_and_Logistic_regression.ipynb)"
   ]
  },
  {
   "cell_type": "markdown",
   "metadata": {
    "colab_type": "text",
    "id": "qZX1Urv425ov"
   },
   "source": [
    "### Часть 1. Небольшой numpy-разогрев. (5%)"
   ]
  },
  {
   "cell_type": "code",
   "execution_count": 45,
   "metadata": {
    "colab": {
     "autoexec": {
      "startup": false,
      "wait_interval": 0
     }
    },
    "colab_type": "code",
    "id": "ABwrGwvF25ow"
   },
   "outputs": [],
   "source": [
    "import numpy as np\n",
    "import pandas as pd\n",
    "import warnings\n",
    "warnings.simplefilter('ignore')\n"
   ]
  },
  {
   "cell_type": "code",
   "execution_count": 7,
   "metadata": {
    "colab": {
     "autoexec": {
      "startup": false,
      "wait_interval": 0
     }
    },
    "colab_type": "code",
    "id": "GYgIRlqf25o0"
   },
   "outputs": [
    {
     "name": "stdout",
     "output_type": "stream",
     "text": [
      "[[36 13 94 22 38 25 41  7 56 26]\n",
      " [65 99 85 34 48 93 77 83 81 88]\n",
      " [86 93 66 73 12 17 80 75 18 27]\n",
      " [99 14 71 40 42 67 52  3 41 45]\n",
      " [23 31  9 35 83 35 88 40 57 73]\n",
      " [26 56 35 80 72 72 15  1 57 72]\n",
      " [39 61 54  8 84 53 36 77 29 44]\n",
      " [82 34 79 80 21 45  5 11 83  3]\n",
      " [ 7 18 49 68 80 78 72 90 70 11]\n",
      " [ 2 49 34  7 22 40 53 68 35 89]]\n"
     ]
    }
   ],
   "source": [
    "# Создайте случайную матрицу A размерами 10 на 10 из целых чисел от 0 до 100\n",
    "# hint: np.random.randint\n",
    "\n",
    "A = np.random.randint(0, 100, size=(10,10))\n",
    "print(A)"
   ]
  },
  {
   "cell_type": "code",
   "execution_count": 9,
   "metadata": {
    "colab": {
     "autoexec": {
      "startup": false,
      "wait_interval": 0
     }
    },
    "colab_type": "code",
    "id": "7aB62Lzk25o2"
   },
   "outputs": [
    {
     "data": {
      "text/plain": [
       "array([ 46.5,  46.8,  57.6,  44.7,  50.2,  52.5,  51.9,  45.5,  52.7,  47.8])"
      ]
     },
     "execution_count": 9,
     "metadata": {},
     "output_type": "execute_result"
    }
   ],
   "source": [
    "# Посчитайте средние значения в матрице по столбцам\n",
    "A.mean(axis=0)"
   ]
  },
  {
   "cell_type": "code",
   "execution_count": 11,
   "metadata": {
    "colab": {
     "autoexec": {
      "startup": false,
      "wait_interval": 0
     }
    },
    "colab_type": "code",
    "id": "MTLnNqV425o5"
   },
   "outputs": [
    {
     "data": {
      "text/plain": [
       "array([[36, 65, 86, 99, 23, 26, 39, 82,  7,  2],\n",
       "       [13, 99, 93, 14, 31, 56, 61, 34, 18, 49],\n",
       "       [94, 85, 66, 71,  9, 35, 54, 79, 49, 34],\n",
       "       [22, 34, 73, 40, 35, 80,  8, 80, 68,  7],\n",
       "       [38, 48, 12, 42, 83, 72, 84, 21, 80, 22],\n",
       "       [25, 93, 17, 67, 35, 72, 53, 45, 78, 40],\n",
       "       [41, 77, 80, 52, 88, 15, 36,  5, 72, 53],\n",
       "       [ 7, 83, 75,  3, 40,  1, 77, 11, 90, 68],\n",
       "       [56, 81, 18, 41, 57, 57, 29, 83, 70, 35],\n",
       "       [26, 88, 27, 45, 73, 72, 44,  3, 11, 89]])"
      ]
     },
     "execution_count": 11,
     "metadata": {},
     "output_type": "execute_result"
    }
   ],
   "source": [
    "# Транспонируйте матрицу A\n",
    "\n",
    "A.T"
   ]
  },
  {
   "cell_type": "code",
   "execution_count": 15,
   "metadata": {
    "colab": {
     "autoexec": {
      "startup": false,
      "wait_interval": 0
     }
    },
    "colab_type": "code",
    "id": "WgDUhrYV25o8"
   },
   "outputs": [
    {
     "data": {
      "text/plain": [
       "array([[1296,  845, 8084, 2178,  874,  650, 1599,  574,  392,   52],\n",
       "       [ 845, 9801, 7905,  476, 1488, 5208, 4697, 2822, 1458, 4312],\n",
       "       [8084, 7905, 4356, 5183,  108,  595, 4320, 5925,  882,  918],\n",
       "       [2178,  476, 5183, 1600, 1470, 5360,  416,  240, 2788,  315],\n",
       "       [ 874, 1488,  108, 1470, 6889, 2520, 7392,  840, 4560, 1606],\n",
       "       [ 650, 5208,  595, 5360, 2520, 5184,  795,   45, 4446, 2880],\n",
       "       [1599, 4697, 4320,  416, 7392,  795, 1296,  385, 2088, 2332],\n",
       "       [ 574, 2822, 5925,  240,  840,   45,  385,  121, 7470,  204],\n",
       "       [ 392, 1458,  882, 2788, 4560, 4446, 2088, 7470, 4900,  385],\n",
       "       [  52, 4312,  918,  315, 1606, 2880, 2332,  204,  385, 7921]])"
      ]
     },
     "execution_count": 15,
     "metadata": {},
     "output_type": "execute_result"
    }
   ],
   "source": [
    "# Перемножьте поэлементно матрицу A и транспонированную матрицу A \n",
    "\n",
    "A * A.T"
   ]
  },
  {
   "cell_type": "code",
   "execution_count": 17,
   "metadata": {
    "colab": {
     "autoexec": {
      "startup": false,
      "wait_interval": 0
     }
    },
    "colab_type": "code",
    "id": "xwgLyFDD25o9"
   },
   "outputs": [
    {
     "name": "stdout",
     "output_type": "stream",
     "text": [
      "[[18396 27076 18511 20190 15854 16936 16749 19511 19366 12818]\n",
      " [27076 60483 41265 34997 34895 35272 37781 31609 39460 33277]\n",
      " [18511 41265 39241 25403 22638 21927 25449 25085 26827 20801]\n",
      " [20190 34997 25403 29310 20899 23251 21220 25131 23109 15582]\n",
      " [15854 34895 22638 20899 28832 23810 23494 15599 27639 21218]\n",
      " [16936 35272 21927 23251 23810 30464 22262 22986 25673 18276]\n",
      " [16749 37781 25449 21220 23494 22262 28089 17893 27451 21002]\n",
      " [19511 31609 25085 25131 15599 22986 17893 30031 22880 11523]\n",
      " [19366 39460 26827 23109 27639 25673 27451 22880 38187 21283]\n",
      " [12818 33277 20801 15582 21218 18276 21002 11523 21283 22273]]\n"
     ]
    }
   ],
   "source": [
    "# Посчитайте dot product (результат матричного умножения) матрицы A на саму себя и запишите в матрицу B\n",
    "\n",
    "B = np.dot(A, A.T)\n",
    "print(B)"
   ]
  },
  {
   "cell_type": "markdown",
   "metadata": {
    "colab_type": "text",
    "id": "9S8tqIMG25pb"
   },
   "source": [
    "### Часть 2. Решение задачи классификации 95%"
   ]
  },
  {
   "cell_type": "markdown",
   "metadata": {
    "colab_type": "text",
    "id": "T2docs4225pb"
   },
   "source": [
    "Будем работать с подвыборкой из [данных о типе лесного покрытия из репозитория UCI](http://archive.ics.uci.edu/ml/datasets/Covertype). Доступно 7 различных классов. Каждый объект описывается 54 признаками, 40 из которых являются бинарными. Описание данных доступно по ссылке, а так же в файле `covtype.info.txt`."
   ]
  },
  {
   "cell_type": "code",
   "execution_count": 58,
   "metadata": {
    "colab": {
     "autoexec": {
      "startup": false,
      "wait_interval": 0
     }
    },
    "colab_type": "code",
    "id": "rvPrVRvK25pc"
   },
   "outputs": [],
   "source": [
    "all_data = pd.read_csv('../../data/forest_dataset.csv')"
   ]
  },
  {
   "cell_type": "code",
   "execution_count": 23,
   "metadata": {},
   "outputs": [
    {
     "data": {
      "text/html": [
       "<div>\n",
       "<style scoped>\n",
       "    .dataframe tbody tr th:only-of-type {\n",
       "        vertical-align: middle;\n",
       "    }\n",
       "\n",
       "    .dataframe tbody tr th {\n",
       "        vertical-align: top;\n",
       "    }\n",
       "\n",
       "    .dataframe thead th {\n",
       "        text-align: right;\n",
       "    }\n",
       "</style>\n",
       "<table border=\"1\" class=\"dataframe\">\n",
       "  <thead>\n",
       "    <tr style=\"text-align: right;\">\n",
       "      <th></th>\n",
       "      <th>0</th>\n",
       "      <th>1</th>\n",
       "      <th>2</th>\n",
       "      <th>3</th>\n",
       "      <th>4</th>\n",
       "      <th>5</th>\n",
       "      <th>6</th>\n",
       "      <th>7</th>\n",
       "      <th>8</th>\n",
       "      <th>9</th>\n",
       "      <th>...</th>\n",
       "      <th>45</th>\n",
       "      <th>46</th>\n",
       "      <th>47</th>\n",
       "      <th>48</th>\n",
       "      <th>49</th>\n",
       "      <th>50</th>\n",
       "      <th>51</th>\n",
       "      <th>52</th>\n",
       "      <th>53</th>\n",
       "      <th>54</th>\n",
       "    </tr>\n",
       "  </thead>\n",
       "  <tbody>\n",
       "    <tr>\n",
       "      <th>0</th>\n",
       "      <td>2683</td>\n",
       "      <td>333</td>\n",
       "      <td>35</td>\n",
       "      <td>30</td>\n",
       "      <td>26</td>\n",
       "      <td>2743</td>\n",
       "      <td>121</td>\n",
       "      <td>173</td>\n",
       "      <td>179</td>\n",
       "      <td>6572</td>\n",
       "      <td>...</td>\n",
       "      <td>0</td>\n",
       "      <td>0</td>\n",
       "      <td>0</td>\n",
       "      <td>0</td>\n",
       "      <td>0</td>\n",
       "      <td>0</td>\n",
       "      <td>0</td>\n",
       "      <td>0</td>\n",
       "      <td>0</td>\n",
       "      <td>2</td>\n",
       "    </tr>\n",
       "    <tr>\n",
       "      <th>1</th>\n",
       "      <td>2915</td>\n",
       "      <td>90</td>\n",
       "      <td>8</td>\n",
       "      <td>216</td>\n",
       "      <td>11</td>\n",
       "      <td>4433</td>\n",
       "      <td>232</td>\n",
       "      <td>228</td>\n",
       "      <td>129</td>\n",
       "      <td>4019</td>\n",
       "      <td>...</td>\n",
       "      <td>0</td>\n",
       "      <td>0</td>\n",
       "      <td>0</td>\n",
       "      <td>0</td>\n",
       "      <td>0</td>\n",
       "      <td>0</td>\n",
       "      <td>0</td>\n",
       "      <td>0</td>\n",
       "      <td>0</td>\n",
       "      <td>1</td>\n",
       "    </tr>\n",
       "    <tr>\n",
       "      <th>2</th>\n",
       "      <td>2941</td>\n",
       "      <td>162</td>\n",
       "      <td>7</td>\n",
       "      <td>698</td>\n",
       "      <td>76</td>\n",
       "      <td>2783</td>\n",
       "      <td>227</td>\n",
       "      <td>242</td>\n",
       "      <td>148</td>\n",
       "      <td>1784</td>\n",
       "      <td>...</td>\n",
       "      <td>0</td>\n",
       "      <td>0</td>\n",
       "      <td>0</td>\n",
       "      <td>0</td>\n",
       "      <td>0</td>\n",
       "      <td>0</td>\n",
       "      <td>0</td>\n",
       "      <td>0</td>\n",
       "      <td>0</td>\n",
       "      <td>2</td>\n",
       "    </tr>\n",
       "    <tr>\n",
       "      <th>3</th>\n",
       "      <td>3096</td>\n",
       "      <td>60</td>\n",
       "      <td>17</td>\n",
       "      <td>170</td>\n",
       "      <td>3</td>\n",
       "      <td>3303</td>\n",
       "      <td>231</td>\n",
       "      <td>202</td>\n",
       "      <td>99</td>\n",
       "      <td>5370</td>\n",
       "      <td>...</td>\n",
       "      <td>0</td>\n",
       "      <td>0</td>\n",
       "      <td>0</td>\n",
       "      <td>0</td>\n",
       "      <td>0</td>\n",
       "      <td>0</td>\n",
       "      <td>0</td>\n",
       "      <td>0</td>\n",
       "      <td>0</td>\n",
       "      <td>1</td>\n",
       "    </tr>\n",
       "    <tr>\n",
       "      <th>4</th>\n",
       "      <td>2999</td>\n",
       "      <td>66</td>\n",
       "      <td>8</td>\n",
       "      <td>488</td>\n",
       "      <td>37</td>\n",
       "      <td>1532</td>\n",
       "      <td>228</td>\n",
       "      <td>225</td>\n",
       "      <td>131</td>\n",
       "      <td>2290</td>\n",
       "      <td>...</td>\n",
       "      <td>0</td>\n",
       "      <td>0</td>\n",
       "      <td>0</td>\n",
       "      <td>0</td>\n",
       "      <td>0</td>\n",
       "      <td>0</td>\n",
       "      <td>0</td>\n",
       "      <td>0</td>\n",
       "      <td>0</td>\n",
       "      <td>2</td>\n",
       "    </tr>\n",
       "  </tbody>\n",
       "</table>\n",
       "<p>5 rows × 55 columns</p>\n",
       "</div>"
      ],
      "text/plain": [
       "      0    1   2    3   4     5    6    7    8     9  ...  45  46  47  48  49  \\\n",
       "0  2683  333  35   30  26  2743  121  173  179  6572  ...   0   0   0   0   0   \n",
       "1  2915   90   8  216  11  4433  232  228  129  4019  ...   0   0   0   0   0   \n",
       "2  2941  162   7  698  76  2783  227  242  148  1784  ...   0   0   0   0   0   \n",
       "3  3096   60  17  170   3  3303  231  202   99  5370  ...   0   0   0   0   0   \n",
       "4  2999   66   8  488  37  1532  228  225  131  2290  ...   0   0   0   0   0   \n",
       "\n",
       "   50  51  52  53  54  \n",
       "0   0   0   0   0   2  \n",
       "1   0   0   0   0   1  \n",
       "2   0   0   0   0   2  \n",
       "3   0   0   0   0   1  \n",
       "4   0   0   0   0   2  \n",
       "\n",
       "[5 rows x 55 columns]"
      ]
     },
     "execution_count": 23,
     "metadata": {},
     "output_type": "execute_result"
    }
   ],
   "source": [
    "all_data.head()"
   ]
  },
  {
   "cell_type": "markdown",
   "metadata": {
    "colab_type": "text",
    "id": "DrX0W5si25pe"
   },
   "source": [
    "Выделите 20% данных в `delayed_data` в качестве выборки, на которой будет производиться финальное сравнение моделей, в `all_data` поместите оставшиеся 80%."
   ]
  },
  {
   "cell_type": "code",
   "execution_count": 29,
   "metadata": {
    "colab": {
     "autoexec": {
      "startup": false,
      "wait_interval": 0
     }
    },
    "colab_type": "code",
    "id": "Deu3A-yc25pf"
   },
   "outputs": [],
   "source": [
    "from sklearn.model_selection import train_test_split\n",
    "\n",
    "all_data, delayed_data = train_test_split(all_data, \n",
    "                                          train_size=0.8, test_size=0.2,\n",
    "                                         shuffle=True, random_state=42)"
   ]
  },
  {
   "cell_type": "markdown",
   "metadata": {
    "colab_type": "text",
    "id": "itCWxHEY25pg"
   },
   "source": [
    "Выделим значения метки класса в переменную `labels`, признаковые описания в переменную `feature_matrix`. Так как данные числовые и не имеют пропусков, переведем их в `numpy`-формат с помощью метода `.values`."
   ]
  },
  {
   "cell_type": "code",
   "execution_count": 30,
   "metadata": {
    "colab": {
     "autoexec": {
      "startup": false,
      "wait_interval": 0
     }
    },
    "colab_type": "code",
    "id": "f_YIUOuV25ph"
   },
   "outputs": [],
   "source": [
    "labels = all_data[all_data.columns[-1]].values\n",
    "feature_matrix = all_data[all_data.columns[:-1]].values"
   ]
  },
  {
   "cell_type": "markdown",
   "metadata": {
    "colab_type": "text",
    "id": "dKCiU0wz25pj"
   },
   "source": [
    "#### 2.1 Двуклассовая классификация (5%)"
   ]
  },
  {
   "cell_type": "markdown",
   "metadata": {
    "colab_type": "text",
    "id": "LYDttiOJ25pj"
   },
   "source": [
    "Для начала будем работать только с двумя типами лесного покрытия. Обучите линейный классификатор для разделения двух классов. Данные разделите на train и test с помощью `train_test_split`."
   ]
  },
  {
   "cell_type": "code",
   "execution_count": 285,
   "metadata": {
    "colab": {
     "autoexec": {
      "startup": false,
      "wait_interval": 0
     }
    },
    "colab_type": "code",
    "id": "Q030jzyY25pl"
   },
   "outputs": [],
   "source": [
    "from sklearn.linear_model import LogisticRegression\n",
    "from sklearn.metrics import f1_score, accuracy_score"
   ]
  },
  {
   "cell_type": "code",
   "execution_count": 286,
   "metadata": {
    "colab": {
     "autoexec": {
      "startup": false,
      "wait_interval": 0
     }
    },
    "colab_type": "code",
    "id": "taWX6ME925pn"
   },
   "outputs": [],
   "source": [
    "two_class_labels_indices = (labels == 1) + (labels == 2)\n",
    "\n",
    "two_class_feature_matrix = feature_matrix[two_class_labels_indices]\n",
    "two_class_labels = labels[two_class_labels_indices]"
   ]
  },
  {
   "cell_type": "code",
   "execution_count": 287,
   "metadata": {
    "colab": {
     "autoexec": {
      "startup": false,
      "wait_interval": 0
     }
    },
    "colab_type": "code",
    "id": "zoQPXD_k25po"
   },
   "outputs": [],
   "source": [
    "train_feature_matrix, test_feature_matrix, train_labels, test_labels = train_test_split(two_class_feature_matrix, \n",
    "                                                                                        two_class_labels, \n",
    "                                                                                        train_size=0.8,  \n",
    "                                                                                        test_size=0.2, \n",
    "                                                                                        shuffle=True, \n",
    "                                                                                        random_state=42)"
   ]
  },
  {
   "cell_type": "markdown",
   "metadata": {
    "colab_type": "text",
    "id": "A8iDa9Je25pq"
   },
   "source": [
    "Обучите логистическую регрессию. Оцените качество классификации на отложенной выборке с помощью `accuracy` и `f1_score` ([Wikipedia](https://en.wikipedia.org/wiki/F1_score))."
   ]
  },
  {
   "cell_type": "code",
   "execution_count": 289,
   "metadata": {
    "colab": {
     "autoexec": {
      "startup": false,
      "wait_interval": 0
     }
    },
    "colab_type": "code",
    "id": "VF2CeR7W25pt"
   },
   "outputs": [
    {
     "name": "stdout",
     "output_type": "stream",
     "text": [
      "accuracy = 0.789\n",
      "f1 score = 0.751\n"
     ]
    }
   ],
   "source": [
    "lr_clf = LogisticRegression()\n",
    "lr_clf.fit(train_feature_matrix, train_labels)\n",
    "\n",
    "acc = accuracy_score(lr_clf.predict(test_feature_matrix), test_labels)\n",
    "print('accuracy = {:.3f}'.format(acc))\n",
    "\n",
    "f1 = f1_score(lr_clf.predict(test_feature_matrix), test_labels)\n",
    "print('f1 score = {:.3f}'.format(f1))"
   ]
  },
  {
   "cell_type": "markdown",
   "metadata": {
    "colab_type": "text",
    "id": "9MKHZ2JC25pv"
   },
   "source": [
    "#### 2.2 Многоклассовая классификация: логистическая регрессия (30%)"
   ]
  },
  {
   "cell_type": "markdown",
   "metadata": {
    "colab_type": "text",
    "id": "P1mWe4kJ25pv"
   },
   "source": [
    "**Комментарий:**\n",
    "\n",
    "*Логистическая регрессия позволяет решать и задачу многоклассовой классификации. Класс ``LogisticRegression`` позвляет это делать двумя способами:* \n",
    "- *1. Стандартный One vs Rest (т.е. каждый класс отделяется от всех других). Параметр `multi_class='ovr'`.*\n",
    "- *2. Используюя кросс-энтропию (оценивается сразу вектор вероятностей принадлежности классам). Параметр `multi_class='multinomial'`.*\n",
    "\n",
    "*По умолчанию будем использовать второй способ.*\n"
   ]
  },
  {
   "cell_type": "markdown",
   "metadata": {
    "colab_type": "text",
    "id": "BGn7U05I25pw"
   },
   "source": [
    "Теперь будем работать со всеми 7 типами покрытия (данные уже находятся в переменных `feature_matrix` и `labels`, если Вы их не переопределили). Разделите выборку на обучающую и тестовую с помощью метода `train_test_split`, используйте значения параметров `test_size=0.2`, `random_state=42`. Обучите логистическую регрессию  на данном датасете."
   ]
  },
  {
   "cell_type": "code",
   "execution_count": 290,
   "metadata": {},
   "outputs": [],
   "source": [
    "train_feature_matrix, test_feature_matrix, train_labels, test_labels = train_test_split(feature_matrix, \n",
    "                                                                                        labels, \n",
    "                                                                                        train_size=0.8,  \n",
    "                                                                                        test_size=0.2, \n",
    "                                                                                        shuffle=True, \n",
    "                                                                                        random_state=42)"
   ]
  },
  {
   "cell_type": "code",
   "execution_count": 291,
   "metadata": {
    "colab": {
     "autoexec": {
      "startup": false,
      "wait_interval": 0
     }
    },
    "colab_type": "code",
    "id": "xqzEKcdD25px"
   },
   "outputs": [
    {
     "data": {
      "text/plain": [
       "LogisticRegression(C=1.0, class_weight=None, dual=False, fit_intercept=True,\n",
       "          intercept_scaling=1, max_iter=100, multi_class='warn', n_jobs=-1,\n",
       "          penalty='l2', random_state=None, solver='warn', tol=0.0001,\n",
       "          verbose=0, warm_start=False)"
      ]
     },
     "execution_count": 291,
     "metadata": {},
     "output_type": "execute_result"
    }
   ],
   "source": [
    "lr_clf = LogisticRegression(n_jobs=-1)\n",
    "\n",
    "lr_clf.fit(train_feature_matrix, train_labels)"
   ]
  },
  {
   "cell_type": "markdown",
   "metadata": {
    "colab_type": "text",
    "id": "5QqTntPq25p0"
   },
   "source": [
    "С помощью 5-кратной кросс-валидации (`GridSearchCV`) подберите оптимальное значение параметров `С` и `penalty`. Для параметра `C` используйте набор значений `np.linspace(0.01, 1, 10)`, а для `penalty` - `['l1', 'l2']`. Критерий качества `scoring = 'accuracy'`."
   ]
  },
  {
   "cell_type": "code",
   "execution_count": 292,
   "metadata": {
    "colab": {
     "autoexec": {
      "startup": false,
      "wait_interval": 0
     }
    },
    "colab_type": "code",
    "id": "j-M-porJ25p0"
   },
   "outputs": [
    {
     "name": "stdout",
     "output_type": "stream",
     "text": [
      "Wall time: 18.1 s\n"
     ]
    }
   ],
   "source": [
    "%%time\n",
    "from sklearn.model_selection import GridSearchCV\n",
    "\n",
    "parameters = {'penalty':('l1', 'l2'), 'C':np.linspace(0.01, 1, 10)}\n",
    "clf = LogisticRegression(n_jobs=-1)\n",
    "lr_clf = GridSearchCV(clf, parameters, cv=5, scoring='accuracy', n_jobs=-1)\n",
    "lr_clf.fit(train_feature_matrix, train_labels)"
   ]
  },
  {
   "cell_type": "code",
   "execution_count": 293,
   "metadata": {
    "scrolled": true
   },
   "outputs": [
    {
     "data": {
      "text/plain": [
       "{'mean_fit_time': array([ 3.19685235,  0.60937314,  6.40327849,  0.88483605,  7.96809387,\n",
       "         0.95963545,  8.30858216,  0.84613533,  7.29987993,  0.85371704,\n",
       "         8.54993711,  0.80205455,  8.24734583,  0.83097811,  6.83771582,\n",
       "         0.83357072,  7.00985508,  0.92791858,  6.56524467,  0.8668817 ]),\n",
       " 'std_fit_time': array([ 0.34363495,  0.048839  ,  0.25482747,  0.04990095,  0.50698905,\n",
       "         0.05331134,  1.26432919,  0.04492119,  1.21805511,  0.03889863,\n",
       "         1.55900516,  0.05056927,  0.47293723,  0.03903357,  0.77535827,\n",
       "         0.02407163,  0.45495771,  0.04438608,  1.07501603,  0.06562286]),\n",
       " 'mean_score_time': array([ 0.00777888,  0.00338988,  0.00897565,  0.00398879,  0.01216784,\n",
       "         0.00359006,  0.00379024,  0.00099769,  0.00099745,  0.00099711,\n",
       "         0.00059853,  0.00099726,  0.00039907,  0.00099726,  0.00099726,\n",
       "         0.00079827,  0.00079856,  0.00099759,  0.00099759,  0.00079751]),\n",
       " 'std_score_time': array([  3.98993959e-04,   4.88578005e-04,   1.99465754e-03,\n",
       "          6.30756967e-04,   7.39398430e-03,   4.87896448e-04,\n",
       "          3.42053023e-03,   9.72560790e-07,   1.90734863e-07,\n",
       "          5.51978917e-07,   4.88694457e-04,   5.51978917e-07,\n",
       "          4.88752886e-04,   1.78416128e-07,   4.62310777e-07,\n",
       "          3.99137010e-04,   3.99282082e-04,   7.89305942e-07,\n",
       "          3.81469727e-07,   3.98755113e-04]),\n",
       " 'param_C': masked_array(data = [0.01 0.01 0.12 0.12 0.23000000000000001 0.23000000000000001\n",
       "  0.34000000000000002 0.34000000000000002 0.45000000000000001\n",
       "  0.45000000000000001 0.56000000000000005 0.56000000000000005\n",
       "  0.67000000000000004 0.67000000000000004 0.78000000000000003\n",
       "  0.78000000000000003 0.89000000000000001 0.89000000000000001 1.0 1.0],\n",
       "              mask = [False False False False False False False False False False False False\n",
       "  False False False False False False False False],\n",
       "        fill_value = ?),\n",
       " 'param_penalty': masked_array(data = ['l1' 'l2' 'l1' 'l2' 'l1' 'l2' 'l1' 'l2' 'l1' 'l2' 'l1' 'l2' 'l1' 'l2' 'l1'\n",
       "  'l2' 'l1' 'l2' 'l1' 'l2'],\n",
       "              mask = [False False False False False False False False False False False False\n",
       "  False False False False False False False False],\n",
       "        fill_value = ?),\n",
       " 'params': [{'C': 0.01, 'penalty': 'l1'},\n",
       "  {'C': 0.01, 'penalty': 'l2'},\n",
       "  {'C': 0.12, 'penalty': 'l1'},\n",
       "  {'C': 0.12, 'penalty': 'l2'},\n",
       "  {'C': 0.23000000000000001, 'penalty': 'l1'},\n",
       "  {'C': 0.23000000000000001, 'penalty': 'l2'},\n",
       "  {'C': 0.34000000000000002, 'penalty': 'l1'},\n",
       "  {'C': 0.34000000000000002, 'penalty': 'l2'},\n",
       "  {'C': 0.45000000000000001, 'penalty': 'l1'},\n",
       "  {'C': 0.45000000000000001, 'penalty': 'l2'},\n",
       "  {'C': 0.56000000000000005, 'penalty': 'l1'},\n",
       "  {'C': 0.56000000000000005, 'penalty': 'l2'},\n",
       "  {'C': 0.67000000000000004, 'penalty': 'l1'},\n",
       "  {'C': 0.67000000000000004, 'penalty': 'l2'},\n",
       "  {'C': 0.78000000000000003, 'penalty': 'l1'},\n",
       "  {'C': 0.78000000000000003, 'penalty': 'l2'},\n",
       "  {'C': 0.89000000000000001, 'penalty': 'l1'},\n",
       "  {'C': 0.89000000000000001, 'penalty': 'l2'},\n",
       "  {'C': 1.0, 'penalty': 'l1'},\n",
       "  {'C': 1.0, 'penalty': 'l2'}],\n",
       " 'split0_test_score': array([ 0.64751704,  0.65822785,  0.66504382,  0.66893866,  0.67088608,\n",
       "         0.67185979,  0.67770204,  0.67770204,  0.67575463,  0.67672833,\n",
       "         0.67867575,  0.67185979,  0.68257059,  0.67770204,  0.68159688,\n",
       "         0.67672833,  0.68159688,  0.68062317,  0.68159688,  0.67867575]),\n",
       " 'split1_test_score': array([ 0.70634146,  0.70634146,  0.70146341,  0.7004878 ,  0.70146341,\n",
       "         0.70243902,  0.70243902,  0.70243902,  0.7102439 ,  0.7102439 ,\n",
       "         0.70634146,  0.70439024,  0.70341463,  0.71219512,  0.70439024,\n",
       "         0.7004878 ,  0.70536585,  0.70634146,  0.70536585,  0.70439024]),\n",
       " 'split2_test_score': array([ 0.64648438,  0.66796875,  0.68554688,  0.68652344,  0.69335938,\n",
       "         0.6875    ,  0.68554688,  0.68945312,  0.68554688,  0.68847656,\n",
       "         0.68066406,  0.69433594,  0.68261719,  0.69042969,  0.68261719,\n",
       "         0.68652344,  0.68164062,  0.68847656,  0.68164062,  0.68652344]),\n",
       " 'split3_test_score': array([ 0.65982405,  0.68719453,  0.70576735,  0.70576735,  0.71260997,\n",
       "         0.71358749,  0.72043011,  0.71749756,  0.72043011,  0.71652004,\n",
       "         0.71749756,  0.71847507,  0.71945259,  0.71847507,  0.72336266,\n",
       "         0.71945259,  0.72336266,  0.72140762,  0.72238514,  0.72140762]),\n",
       " 'split4_test_score': array([ 0.66699314,  0.68462292,  0.69735553,  0.70225269,  0.70812929,\n",
       "         0.70812929,  0.71302644,  0.70127326,  0.71400588,  0.71302644,\n",
       "         0.71204701,  0.71302644,  0.71106758,  0.70910872,  0.71008815,\n",
       "         0.71400588,  0.70714985,  0.70812929,  0.70617042,  0.70714985]),\n",
       " 'mean_test_score': array([ 0.66542969,  0.68085938,  0.69101563,  0.69277344,  0.69726562,\n",
       "         0.69667969,  0.69980469,  0.69765625,  0.70117188,  0.70097656,\n",
       "         0.69902344,  0.70039063,  0.69980469,  0.7015625 ,  0.70039063,\n",
       "         0.69941406,  0.69980469,  0.70097656,  0.69941406,  0.69960937]),\n",
       " 'std_test_score': array([ 0.02186305,  0.01663757,  0.01465032,  0.01361369,  0.01472215,\n",
       "         0.01517633,  0.01612132,  0.01338554,  0.01737353,  0.01560804,\n",
       "         0.01622338,  0.01646201,  0.01495649,  0.01516988,  0.01616857,\n",
       "         0.0161054 ,  0.01613453,  0.01461894,  0.01576328,  0.01526442]),\n",
       " 'rank_test_score': array([20, 19, 18, 17, 15, 16,  7, 14,  2,  3, 13,  5,  7,  1,  5, 11,  7,\n",
       "         3, 11, 10]),\n",
       " 'split0_train_score': array([ 0.67823113,  0.69264598,  0.70241876,  0.7029074 ,  0.70925971,\n",
       "         0.70950403,  0.71390178,  0.71268019,  0.71365746,  0.71439042,\n",
       "         0.71243587,  0.70974835,  0.71341314,  0.71023699,  0.71365746,\n",
       "         0.71439042,  0.71439042,  0.71439042,  0.71487906,  0.71194723]),\n",
       " 'split1_train_score': array([ 0.66178266,  0.67863248,  0.69450549,  0.6952381 ,  0.7032967 ,\n",
       "         0.6998779 ,  0.7037851 ,  0.7025641 ,  0.70695971,  0.7008547 ,\n",
       "         0.70940171,  0.70525031,  0.71013431,  0.70818071,  0.71086691,\n",
       "         0.7035409 ,  0.71233211,  0.70598291,  0.71208791,  0.70720391]),\n",
       " 'split2_train_score': array([ 0.67138672,  0.6887207 ,  0.69775391,  0.69873047,  0.70507812,\n",
       "         0.70410156,  0.70776367,  0.70532227,  0.71191406,  0.71020508,\n",
       "         0.71289062,  0.7109375 ,  0.71435547,  0.71166992,  0.71630859,\n",
       "         0.71386719,  0.71508789,  0.71191406,  0.71679688,  0.7121582 ]),\n",
       " 'split3_train_score': array([ 0.66975836,  0.68196241,  0.69611911,  0.69660727,  0.7039297 ,\n",
       "         0.70148889,  0.70563827,  0.70490603,  0.707835  ,  0.70685868,\n",
       "         0.70832316,  0.70856724,  0.70905541,  0.70685868,  0.70978765,\n",
       "         0.70881133,  0.71051989,  0.70807908,  0.71125214,  0.70929949]),\n",
       " 'split4_train_score': array([ 0.66699195,  0.68358136,  0.69065626,  0.69382776,  0.69529153,\n",
       "         0.69724323,  0.70212247,  0.6955355 ,  0.70212247,  0.70748963,\n",
       "         0.70651378,  0.70748963,  0.70700171,  0.7089534 ,  0.70700171,\n",
       "         0.70870944,  0.70846548,  0.70724567,  0.70822152,  0.70822152]),\n",
       " 'mean_train_score': array([ 0.66963016,  0.68510859,  0.69629071,  0.6974622 ,  0.70337116,\n",
       "         0.70244312,  0.70664226,  0.70420162,  0.70849774,  0.7079597 ,\n",
       "         0.70991303,  0.70839861,  0.71079201,  0.70917994,  0.71152447,\n",
       "         0.70986386,  0.71215916,  0.70952243,  0.7126475 ,  0.70976607]),\n",
       " 'std_train_score': array([ 0.0053967 ,  0.00498057,  0.00386413,  0.00316687,  0.00454283,\n",
       "         0.00417461,  0.00408798,  0.00550311,  0.00404334,  0.00443419,\n",
       "         0.00243207,  0.00195112,  0.00273435,  0.00165864,  0.00320443,\n",
       "         0.00397333,  0.00244607,  0.00313727,  0.00296805,  0.00198231])}"
      ]
     },
     "execution_count": 293,
     "metadata": {},
     "output_type": "execute_result"
    }
   ],
   "source": [
    "lr_clf.cv_results_"
   ]
  },
  {
   "cell_type": "markdown",
   "metadata": {
    "colab_type": "text",
    "id": "rzsRzpiv25p2"
   },
   "source": [
    "Постройте графики средних значений критерия качества `accuracy` для типов регуляризации `l1` и `l2` в зависимости от коэффициента регуляризации `C`."
   ]
  },
  {
   "cell_type": "code",
   "execution_count": 294,
   "metadata": {
    "colab": {
     "autoexec": {
      "startup": false,
      "wait_interval": 0
     }
    },
    "colab_type": "code",
    "id": "nYOrtHpy25p3"
   },
   "outputs": [],
   "source": [
    "x_l1 = list(map(lambda x: x['C'], lr_clf.cv_results_['params'][::2]))\n",
    "x_l2 = list(map(lambda x: x['C'], lr_clf.cv_results_['params'][1::2]))\n",
    "score_l1 = np.array(lr_clf.cv_results_['mean_train_score'][::2])\n",
    "score_l2 = np.array(lr_clf.cv_results_['mean_train_score'][1::2])"
   ]
  },
  {
   "cell_type": "code",
   "execution_count": 295,
   "metadata": {},
   "outputs": [
    {
     "data": {
